[44  2  3  2 22 55  4  6  1 35 71 23 12 22 35 26 96  8 17  9 61 72 19 23
 95 16 96  9 96 15 10 20 87 19 45 38  3 20 18 18 84 89 35  5  1 49  4 46
 19  6  0 38  0 99 17 10  9  2  0 19  4 22 40 11 14 31 15 12 38 37  0 21
  1  5 10 35 34 25 96  2  8 81  5  0 16 65 81 26  1 15 10 15  7  2 36  1
 24  0 24  0 50 44 12  0 60  4 80 61  5 90 21 38 18 52 43  2 15  2 23 43
 32 17 21 92 51  5 49 99  0 29 58 22 67  7 24  5 35  4 28 17 58  0 24  5
 27 26 15  0 94 50 12  3 73 24 24  0  4 79 66  0  3 22  3 45  9  0  4 33
 11 40  0  8 10  4  1  2 90 68  3 10  1 84 82 91 13 31  0  0 11 69 44 15
 33  0 40 12  9  4  7 25  0 34  4 21  8  8  1 50 54 11 60  8  6 15 53 20
  0 37 79 15 61 47 13 31 26 12 38 54  3 30  2  3  0 17  8  0  2 20  1 57
 21 20 92  5  4 95 12  2  3  2  7  6 19  1 14 51  2 33 97  8 30  9 11  1
 12 49  7  3 16 10]
[91 10 69 93 20 57 58 97 54 89 86 31  1 25 43 91 96 28 10  0 61 80 48 27
 95 85 95 28 97 32 39 37 91 21 95 43 56  5 74 45 98 51 71  7  0 51  2 73
 76 24 93 46 55 71  3 13  7 94 14  7 78 27 73 30  5 95 97 85 43 69 91 42
 79 24  4 95 66 11 59 11 85 94 31  2 83 76 84 45  3 93 86 15 54 33 84 76
 87 83 90 97 81 56 92  9 49 90 85 29  6 76 52 31 51 31 96  4 69 97 88 76
 13 76 23 70 73 92 35 10  9 73 70 59 50 48 29 98 94 53 31 65 37 85 64 65
 11 76 78 60 94 80 64 42 79 42 45 71  6 75 66 80 95 53 30 65  7 87 89 94
 25 61 80 25 68 64 22 93 57 59 35 95  6 95 77 50 73  3 37 74 23 73 50 34
 45 44 57 15 90  9 64 64 83 34 19 76 70 67 57 87 65  7 72 33 67 80 43 88
  0 95 87 88 93 90 87 96 13 76 90 73  9 74 99 64 34 27 81 62 93 68  5 80
 88 40 92  5 88 96  0 23 16 66 26 94 25 14 23 23  3 79 84 39 85 96 71 41
 17 25 28 86 54 94]
Average correlation position: 26.192592592592593
Spread correlation position: 27.170925718303653
Average cointegration position: 56.08518518518518
Spread correlation position: 30.651266709414024
